0,5.588643391037803
1,3.5415819073825463
2,2.9162865344709545
3,2.8371790899532976
4,2.767907671995835
5,2.710794039480969
6,2.668402450025118
7,2.636799741538079
8,2.616265925011934
9,2.598258032991798
10,2.5844970090155788
11,2.5739193851743996
12,2.5434918652310485
13,2.5696505691592475
14,2.55451660515002
15,2.550676488960571
16,2.544374741280337
17,2.555555967372034
18,2.5406499075464084
19,2.5545649534096055
20,2.5328893967939603
21,2.5525603216431483
22,2.5532382672252374
23,2.574306407676575
24,2.5452789286571345
25,2.550998317482631
26,2.515271262762567
27,2.550543893557433
28,2.5354787388696924
29,2.5695162295840417
30,2.531038829393456
31,2.5516351271760054
