0,5.930668943149561
1,3.406083544276724
2,2.778456787919459
3,2.6981938892417294
4,2.6282539279404107
5,2.570788920866526
6,2.5281760846572383
7,2.496418056246431
8,2.4757767702459548
9,2.457702865025479
10,2.443902098823192
11,2.4332985394570583
12,2.4028257299602847
13,2.4290120929965515
14,2.413857044620764
15,2.4100106742091842
16,2.4037009773938327
17,2.41489473530928
18,2.3999690561641467
19,2.413901342178847
20,2.3921994087938505
21,2.4118941515852086
22,2.4125726888976295
23,2.433666335874478
24,2.404603264641288
25,2.4103296256712063
26,2.374559420019394
27,2.4098745465975875
28,2.3947910679901034
29,2.4288700597065094
30,2.3903457078063246
31,2.41096692923805
