0,6.434658901793495
1,3.5894373061136586
2,2.961533948609642
3,2.882747702927064
4,2.813368751308659
5,2.756045160220512
6,2.7134444484223534
7,2.6816448138224036
8,2.6609532923226906
9,2.6428193596893474
10,2.628969222835063
11,2.61832663848358
12,2.5877495168944735
13,2.614017911994128
14,2.598811853007442
15,2.5949509981300105
16,2.5886190213813296
17,2.599848330347627
18,2.584872694570231
19,2.598850268408071
20,2.5770757945798337
21,2.596835385145685
22,2.5975158168810055
23,2.6186768702290135
24,2.589519744308989
25,2.5952646706819147
26,2.55937413932094
27,2.594807749677664
28,2.5796742890281665
29,2.6138643386813394
30,2.575213908044063
31,2.595903443511163
