0,5.895949826834113
1,3.551871722932696
2,2.9248842683691736
3,2.845673597828035
4,2.776099750888145
5,2.7185303918102495
6,2.6756908490123386
7,2.643701600576011
8,2.622891921591302
9,2.604649069288932
10,2.590706927558137
11,2.5799882909065848
12,2.5492193528377323
13,2.575629707425604
14,2.5603231885219513
15,2.556430472014005
16,2.5500522670706407
17,2.5613432978813377
18,2.5462753779251455
19,2.560331146972812
20,2.5384237596394783
21,2.5582989294615572
22,2.5589816809741293
23,2.580266535963388
24,2.5509360528382667
25,2.556714421330167
26,2.52060698305673
27,2.5562538192415523
28,2.5410293834714586
29,2.5754224163412456
30,2.536541620432942
