0,5.665125275253375
1,3.414894588141294
2,2.790065239746829
3,2.7114566190877296
4,2.6425734302606902
5,2.5856631294600985
6,2.5433764018726586
7,2.511812295167444
8,2.4912792513538458
9,2.473275197909374
10,2.4595189337876584
11,2.4489458056006645
12,2.4185323894954704
13,2.4446820783172476
14,2.4295537479765863
15,2.425715614641777
16,2.4194174286433836
17,2.430594743197365
18,2.415694611109257
19,2.4296048724747004
20,2.4079379952606863
21,2.427601531567606
22,2.4282794007986097
23,2.449340191503904
24,2.4203229164756093
25,2.4260402716431098
26,2.3903276389194996
27,2.4255861661031077
28,2.4105268103316964
29,2.444551973221358
30,2.4060886981780225
31,2.4266770939977125
