0,6.039289908566748
1,3.529676014968963
2,2.90959515354742
3,2.83143779916434
4,2.762683532390671
5,2.7056709536672856
6,2.6632267009393
7,2.6315233154190607
8,2.6108967449194362
9,2.5928123563068146
10,2.578995344990122
11,2.568376292101857
12,2.537836407759398
13,2.5640892100100143
14,2.5489008900346506
15,2.545047026123989
16,2.5387233323670033
17,2.549945032645097
18,2.5349843410783834
19,2.548950664000418
20,2.527196367886671
21,2.546939219860685
22,2.5476196675446
23,2.5687631136827713
24,2.5396314501787542
25,2.5453716064581893
26,2.5095133514579664
27,2.5449155075976337
28,2.529795509909699
29,2.563956007061679
30,2.525339300416739
