0,6.414405509288925
1,3.451387390345879
2,2.8195345857680354
3,2.738480857249309
4,2.6678565614159666
5,2.609856492030567
6,2.5668434684112076
7,2.5347834449346904
8,2.513944004583709
9,2.4956970629406636
10,2.4817599450939336
11,2.4710502681543116
12,2.4403238914986547
13,2.4666950336946583
14,2.4514116521393414
15,2.447525784880096
16,2.4411587899816185
17,2.4524335784865756
18,2.4373880352330164
19,2.4514238919640245
20,2.429550320174571
21,2.449396072397539
22,2.45007809717344
23,2.471331963979803
24,2.4420448376623156
25,2.4478148680417577
26,2.411762653863884
27,2.4473552273654393
28,2.4321537602922745
29,2.4664958663470102
30,2.4276728924330553
31,2.4484549929807313
