0,6.36169447750007
1,3.4576588092446867
2,2.8351261653789837
3,2.756800068215555
4,2.6880371574647315
5,2.6311767383582976
6,2.5889161007130292
7,2.557379800051432
8,2.536865032108325
9,2.518891754753084
10,2.5051669174754236
11,2.4946221124474666
12,2.464274062072396
13,2.490381976340817
14,2.475290316079275
15,2.47146568386894
16,2.4651858444146657
17,2.4763446749898566
18,2.46147594073557
19,2.475362452977626
20,2.453739792615341
21,2.4733664862960025
22,2.474044208689625
23,2.49506455008977
24,2.4661046446875083
25,2.4718112328415414
26,2.4361697595016483
27,2.4713586192512342
28,2.456329271708525
29,2.490287779206596
30,2.4519003381124462
31,2.472448101098613
