0,6.18501919347369
1,3.472006776176939
2,2.8394289929999017
3,2.7598115567570995
4,2.6902819761679293
5,2.6328115613817564
6,2.5900635500202838
7,2.558130859563038
8,2.5373642988768648
9,2.519155468297779
10,2.5052394401545794
11,2.494541168925451
12,2.463810497983812
13,2.4902006056183454
14,2.474913776244958
15,2.4710286318093564
16,2.464659864081297
17,2.4759416264038134
18,2.4608904474823117
19,2.4749336147990935
20,2.4530495458942365
21,2.4729054051443944
22,2.4735881259209607
23,2.494852495360179
24,2.4655514011166266
25,2.4713242626770833
26,2.4352543717122805
27,2.4708645608353033
28,2.4556557505143566
29,2.4900144666356523
30,2.45117281651671
