0,6.277979585588369
1,3.596996352205661
2,2.9709062433819002
3,2.8907552921323845
4,2.8206390073396688
5,2.7628392078452535
6,2.71992120324339
7,2.6879138547049672
8,2.6671044834468587
9,2.6488880832000574
10,2.634974760250437
11,2.6242837788895255
12,2.593607294704514
13,2.619935494306007
14,2.604679204936325
15,2.600800681805216
16,2.594445270599778
17,2.6057011909656222
18,2.590680623350461
19,2.6046937492535323
20,2.5828571235618774
21,2.602669732061686
22,2.6033507086693635
23,2.6245685791383493
24,2.595331030653127
25,2.601091280125393
26,2.565099849199738
27,2.6006323097706465
28,2.585456551762213
29,2.6197405460801098
30,2.58098326109924
31,2.6017302043114476
